13368408.54972
13326663.36004
13305676.24972
13285159.64167
13260406.55673
13231241.26159
13212528.81812
13190709.64197
13183110.40204
13150710.38431
13141058.05937
13120917.95534
13083202.03727
13080128.97130
13051488.98889
13028739.60799
13015321.29327
13005290.84482
12977690.11056
12958597.20531
12937978.05661
12914493.17179
12895175.40879
12898143.99961
12861580.56640
12846383.78504
12825608.28844
12787925.78041
12781028.84950
12774858.68954
12740858.17742
12748920.52901
12710980.42506
12715987.73804
12672034.16996
12642296.51094
12636036.85680
12631827.21162
12605161.85031
12578775.63915
12568695.13949
12544481.32390
12545194.59615
12530487.35580
12497584.72045
12489291.06422
12481156.27711
12425090.56765
12437696.57571
