9570439.46205
9528337.20001
9508288.55678
9476705.97945
9467473.43916
9444738.12407
9414786.02384
9404837.89554
9386123.55074
9352166.26397
9337953.60289
9325919.86609
9306942.86805
9276478.59185
9270007.06592
9246761.94215
9243682.18103
9203802.83551
9188356.31609
9165285.48959
9147099.28126
9137604.47600
9115321.62936
9090437.62726
9072987.83636
9043893.19318
9042812.14904
9025089.79883
8998406.52273
9000068.11294
8979080.96544
8953999.15580
8936806.67113
8904313.38852
8904495.82573
8878680.45226
8851527.89323
8840953.29528
8823162.55354
8811077.28634
8804316.42333
8793474.91103
8750623.45537
8787993.04702
8763140.60658
8714156.73470
8707528.15320
8690963.23755
8701485.57829
