7350271.11209
7329695.21739
7309508.50619
7288013.31904
7258165.48337
7236294.13826
7218728.11561
7199928.21247
7179557.79277
7157619.22123
7145008.79407
7117360.53508
7100768.55723
7084464.73236
7068627.05641
7046236.87739
7030893.96535
7008460.80272
6992459.22017
6972280.47835
6952626.08245
6943305.91470
6919164.03344
6900624.48811
6884252.82146
6863445.09013
6853048.03409
6834115.75883
6817990.95869
6805736.83095
6784702.99166
6757332.99555
6746660.79611
6736384.53855
6708977.85733
6719499.59031
6673617.92225
6658621.58944
6646639.07217
6635806.76388
6611244.95425
6625640.23301
6590363.82618
6570142.30271
6576639.53142
6533727.37336
6528426.22053
6505533.24069
6510120.32056
