12147825.55858
12127241.75835
12094780.97274
12073524.25079
12049895.78384
12042167.72238
12014320.49357
11998966.06894
11983788.89438
11945636.70603
11941644.03936
11920364.94441
11886512.20257
11873220.61886
11858472.70442
11847998.73036
11815917.35781
11783494.31023
11787024.01227
11754645.49929
11764269.35085
11735506.28033
11698137.97371
11701014.85060
11680887.28818
11647363.44968
11617681.18718
11598521.91286
11605476.90063
11571718.96005
11544100.76554
11539210.02540
11530345.06243
11500960.61743
11493510.33413
11455754.44419
11468831.48525
11410510.38665
11402596.77144
11397157.74889
11364077.26016
11379305.27813
11379215.54098
11323233.19058
11328506.89929
11302992.39089
11293080.58713
11267721.20652
11231059.41059
