5352379.98576
5330185.72351
5308819.86245
5283652.43720
5260531.76152
5244290.19983
5221203.81121
5201844.15063
5185625.80187
5161438.59245
5146770.96739
5130352.03732
5109852.33709
5096716.66904
5076065.41508
5056958.44860
5038855.80055
5018176.27415
5002658.67036
4986098.39708
4963413.34925
4950185.75654
4933993.85473
4918070.41645
4901307.30252
4883367.96250
4868742.88649
4854378.16600
4836301.99736
4807952.88178
4805938.97428
4786733.91559
4770558.84822
4759385.85158
4733525.24028
4724376.82162
4712660.74783
4697419.23766
4678048.92232
4666917.45090
4664681.81963
4637869.97580
4632410.54273
4620904.53926
4612303.39136
4594180.55017
4570551.62079
4567640.93863
4548780.70225
