14967930.03762
14954099.48943
14893077.14210
14884062.27977
14868462.62158
14868683.91519
14809886.38176
14786823.00468
14773562.76348
14749460.59963
14758502.32072
14710336.74725
14704291.60953
14675295.78876
14659738.28653
14637957.93947
14612569.64327
14626958.37677
14573545.88836
14552350.33974
14538384.61701
14495034.80462
14500204.89408
14473315.35888
14472612.08738
14430711.84201
14414691.40132
14398612.64132
14370372.51678
14386449.77378
14345989.64057
14320982.85442
14282099.85659
14270040.57539
14249189.65907
14266182.33884
14219356.23446
14230643.38888
14200421.08172
14156784.60186
14144480.40505
14130852.87198
14123389.38259
14110725.93773
14084942.52262
14059205.50690
14049644.78207
14058802.02851
14025552.11561
