9948615.53127
9927289.02864
9934396.52193
9872731.75277
9854348.43846
9845900.76822
9823103.69300
9798812.00961
9784966.92141
9752252.18299
9737242.50962
9745425.05855
9699074.19375
9681521.78818
9659199.35776
9644673.27048
9624073.28640
9608535.36497
9580162.78562
9563748.62681
9545656.78056
9533140.54644
9505872.60420
9488464.59953
9474882.08383
9451023.64569
9460544.63529
9414083.55603
9385009.98437
9372882.91725
9356216.91945
9352930.55605
9319132.26575
9349925.65199
9297891.81244
9285295.13637
9278349.15266
9223460.05234
9227319.09110
9210944.94297
9191178.44204
9174138.64267
9160144.71245
9161446.18470
9115725.20527
9079267.44301
9086193.97895
9051987.08901
9062627.99270
