6151286.42242
6130331.44544
6104729.68170
6079694.26316
6060569.35378
6046727.35870
6023166.65774
6000854.20111
5988127.00950
5961254.72644
5945714.98378
5923893.89843
5903153.26806
5887915.82000
5870256.30686
5854884.72819
5834110.40989
5815941.22712
5802209.74348
5778260.12537
5759544.03017
5748137.71225
5739734.18612
5717830.70520
5699755.03346
5671944.47714
5658754.21730
5651792.86620
5625136.19438
5602714.15046
5587145.71864
5578463.92779
5560575.49511
5554935.66032
5527570.91265
5513002.85552
5505451.95529
5485825.85580
5463832.88281
5465072.45004
5446938.91696
5427682.20261
5407575.09367
5390589.63720
5385307.99028
5382212.22531
5350913.33257
5336479.17479
5341727.28441
