3155944.44308
3135576.96836
3115042.03386
3087063.35621
3068561.19415
3051075.46667
3029011.75082
3005559.52854
2996468.25404
2976344.55120
2959984.23148
2943420.25971
2926798.94375
2910112.27284
2887885.47708
2871292.09044
2851401.22395
2839781.71752
2824846.38820
2810018.91221
2794034.49793
2773772.25107
2760655.24908
2749850.87068
2734851.10250
2723098.02496
2704925.36647
2693034.70030
2685872.02160
2660282.37803
2651458.56054
2644630.42253
2628205.81850
2614078.48296
2603123.36318
2575606.74519
2578959.42706
2563885.24505
2560737.40568
2530486.94101
2525651.69091
2526469.13881
2518314.00653
2503095.74514
2502087.15913
2483048.41482
2469320.16908
2464810.42499
2446329.20100
