8749355.89553
8727943.30287
8697455.56582
8677796.60793
8665385.82564
8638843.46983
8619644.47456
8590201.83328
8586950.02705
8556558.96164
8547079.35150
8522521.16348
8505345.37019
8483057.60504
8470370.71625
8442307.07664
8450085.20103
8404337.16228
8393171.33322
8363508.21859
8347241.72852
8333792.86625
8316695.82177
8302814.55744
8274685.68099
8251546.29388
8246931.41973
8237083.28320
8234330.30552
8194440.22355
8169108.30245
8145474.24961
8157764.11577
8121915.45990
8113509.86429
8090213.72491
8059697.84985
8069709.79685
8066349.25445
8032674.65444
7994458.71437
8001996.98130
7947765.48749
7979823.64346
7941424.42553
7919667.04318
7919706.00240
7901596.31344
7884582.67827
