15977839.93718
15925471.07750
15900587.35170
15883567.70823
15854449.07581
15833989.38475
15820812.35068
15790926.21245
15780632.44238
15754972.97483
15735349.18137
15722294.73977
15691459.82175
15677953.32494
15650567.00636
15649982.99304
15617409.58870
15592512.88213
15568390.47879
15545550.60599
15546799.39719
15514963.49257
15486043.62919
15462769.74691
15462608.49499
15436691.06706
15428937.52362
15378480.28310
15376337.79736
15351698.39983
15331747.61044
15332451.19652
15308476.64260
15278485.70959
15278946.51451
15235222.49917
15212000.20112
15204577.93838
15192011.35711
15178705.40207
15142046.61429
15162676.18714
15142149.80719
15113406.20867
15104842.97340
15057005.81002
15019914.39872
15072859.04021
14999351.93195
