15146777.29597
15125910.44434
15103528.58514
15070434.00245
15050887.75120
15028885.21008
15014573.56607
14994057.78557
14965007.47408
14949160.55230
14937778.51329
14928413.87143
14895670.37431
14878161.54875
14849814.15226
14826988.55029
14816950.17745
14791409.90787
14778973.65713
14760629.07897
14728804.81416
14695267.93385
14719196.49961
14662625.12413
14631252.24417
14630715.53780
14617521.37316
14598680.89064
14597973.28568
14594294.64820
14527572.79037
14524083.29479
14501370.36223
14493513.20888
14479362.27114
14444262.04894
14459894.58724
14418645.53073
14391616.42443
14376268.94762
14377081.44330
14350649.98756
14307755.05474
14322536.00081
14277764.15216
14285093.21646
14245488.37159
14239687.30604
14203233.42280
