10548425.87240
10525080.86277
10506606.11162
10484135.58332
10466423.86557
10445454.96181
10417430.41755
10392741.79186
10377403.74116
10350005.68188
10340424.51922
10324304.68653
10303883.76544
10283830.77213
10257196.86296
10238495.45386
10217973.24050
10205246.99174
10184636.42155
10162684.76023
10132998.03870
10132013.50986
10108879.43950
10094023.24224
10066393.25943
10051417.98266
10066570.60224
10018844.22659
9997691.27136
9972579.06624
9962040.91963
9956291.79006
9919799.16652
9912414.00853
9901332.60141
9868601.41258
9899133.57577
9831842.35601
9826737.01134
9819628.89656
9831620.41402
9753107.37475
9750783.35430
9759953.00786
9713757.60792
9713558.31980
9661743.77205
9660108.90027
9679480.88833
