10348472.01848
10327804.76050
10327143.59376
10285881.25491
10265156.33361
10244634.14004
10213775.86903
10196364.80035
10174449.02351
10164982.88817
10134332.95208
10115130.91009
10103263.95676
10082404.37856
10054446.34734
10053868.39875
10024168.37095
9999744.57020
10002808.47111
9962560.15986
9959694.79569
9928659.79062
9924650.51066
9905066.13604
9872021.11317
9850664.93132
9832756.18776
9819482.25748
9788041.24657
9770325.62741
9772661.86852
9749768.56690
9726153.09537
9691248.00675
9692023.41649
9689375.53773
9663470.92923
9638197.76927
9638075.57550
9633671.01660
9596187.85410
9563583.87004
9555241.07176
9540075.09478
9542835.74287
9523943.03701
9491978.60670
9471123.79742
9467405.26010
