7749919.99541
7718002.43294
7700923.24689
7689870.52405
7666763.30182
7635682.31998
7618570.17529
7595031.46989
7589871.07727
7563983.26827
7542959.45645
7523447.53639
7505024.86904
7490499.01261
7461491.27229
7450584.24640
7431592.34771
7408725.99289
7389731.26219
7375302.81965
7360482.15102
7330909.56984
7315924.51410
7300753.81591
7277283.39431
7268348.89776
7256070.05453
7229743.16948
7214097.44847
7192632.86902
7167911.36839
7153536.10968
7152001.49241
7152082.84425
7098401.99146
7097201.96536
7079783.49203
7073863.02475
7048071.68534
7025366.25350
7022198.22314
6999502.84113
6992097.37437
6978805.88818
6955058.84350
6941708.17123
6917717.38635
6927527.20643
6889948.29911
