12547747.00120
12526794.44468
12505370.05881
12485444.94827
12452040.10971
12434622.61451
12417323.07338
12400149.92671
12369761.66368
12346687.15450
12324915.46076
12301583.32208
12318372.16106
12275397.47864
12260795.18202
12223562.13598
12220803.42534
12202654.80703
12187310.93153
12161799.29979
12128062.01266
12112001.37282
12126391.63373
12073319.92758
12064488.39182
12030313.95840
12027156.05923
12024699.70413
12000961.71621
11976325.31189
11940076.02031
11914713.56275
11909890.99089
11924097.99031
11884201.98542
11890444.05111
11867134.48131
11825129.01552
11817391.60122
11796780.72806
11784259.55244
11750193.29828
11746671.84539
11725854.94332
11722683.33763
11698687.23962
11690849.37633
11680732.23594
11649081.15011
