7949758.29241
7929589.54837
7907798.63246
7887505.44236
7857861.54291
7845463.76918
7809788.52087
7804293.83116
7781948.54833
7759296.02763
7738820.91501
7717159.28621
7707943.08000
7679472.82491
7673560.62851
7647438.09428
7619828.07692
7616516.85306
7587952.35935
7566588.50222
7555117.52769
7530082.62391
7510078.65834
7496233.57066
7479652.80011
7457722.85433
7441057.99788
7437264.93796
7410927.65884
7398455.95311
7397188.81619
7362756.58288
7331561.27710
7339979.95294
7305951.37128
7290070.70971
7274167.17285
7263103.71651
7255809.46736
7231496.69316
7216564.31412
7186433.18699
7198729.32817
7161310.54101
7147487.61714
7134989.14642
7133310.48793
7101737.58569
7091994.32115
