1959752.58346
1934588.54983
1917108.61772
1898181.50183
1876443.33638
1857312.92097
1837689.72919
1822509.29506
1807691.03634
1787930.59622
1769369.20071
1753939.87564
1738108.24643
1723825.56274
1712117.03091
1694833.58949
1678842.56067
1670254.85903
1658481.41134
1642967.64036
1628032.11182
1613052.00483
1600026.54707
1591506.47386
1582456.71093
1565919.02460
1554874.93446
1550331.64677
1541618.37865
1524993.29085
1521828.07727
1508510.60274
1488921.62049
1477987.79372
1469144.70310
1467391.81333
1459634.85867
1454981.68306
1440964.19728
1437126.84521
1423209.97680
1418850.15147
1408589.62178
1404706.61377
1393379.76877
1375060.93848
1375519.13028
1373894.95050
1379439.07266
