13178149.26081
13126991.61793
13105105.24656
13085046.89120
13063515.10123
13042441.30731
13016217.57292
13001478.14341
12981385.20978
12955492.63211
12958911.06148
12911277.44454
12891537.64084
12870421.49580
12850347.16419
12842548.16046
12811431.42899
12792545.90087
12820333.94597
12762105.97143
12725470.89400
12711958.98789
12705460.41641
12684125.05723
12675467.52364
12631463.09631
12617127.95161
12614417.36627
12590688.46772
12561627.01841
12538260.43490
12550035.69353
12503664.54483
12509273.30519
12464979.22708
12468396.20708
12443973.52285
12418798.82312
12403348.69499
12379890.98407
12365840.03775
12352450.92077
12314787.32554
12309335.38485
12306775.62649
12268449.30200
12264335.58079
12250530.12942
12240613.57423
