1561102.74509
1536032.54955
1518718.00961
1496464.44562
1482831.70470
1464462.69239
1442334.41973
1428875.72427
1413757.77619
1394791.45399
1381463.66109
1361701.33976
1351911.01151
1335152.95576
1318038.64343
1305400.42612
1289748.48247
1277700.00863
1266347.32818
1256322.92200
1241695.51035
1238350.51531
1221953.65773
1210351.03471
1198465.23157
1196535.64360
1180880.36617
1175091.53735
1165069.28805
1160934.55866
1151582.94482
1130063.54910
1126221.06956
1112374.06752
1106090.76093
1097485.72657
1101339.21371
1091727.55742
1080560.99178
1080667.14225
1068289.79763
1062960.33819
1061422.11121
1062545.48157
1049296.63818
1040787.16482
1032520.61384
1023464.11156
1031811.36083
