965568.15488
945374.00002
923004.78145
904760.32473
888359.33581
872713.18052
854457.03064
837851.05608
823588.66530
811050.61305
796484.93402
786040.55231
775653.01008
758644.84543
750072.26606
737118.18019
727953.83651
711766.43253
708548.90489
690627.08236
685343.82914
680330.25343
667801.31674
667531.22938
665406.05580
647403.60095
644028.12620
634779.87372
635465.08210
615898.36074
619245.42277
613923.13109
608733.72380
604203.48258
596557.07853
589745.50359
591721.61502
578866.14267
579018.76991
578885.87844
575237.44079
567980.24255
567853.04985
568385.40238
566835.03026
570047.56759
565443.08085
563674.98864
557339.91042
