4154326.92243
4133621.66887
4104598.01232
4086273.23063
4064393.36887
4051209.78279
4030670.15938
4008385.72211
3988322.37257
3971656.45532
3953130.33727
3929963.44079
3910646.69317
3902469.88015
3880966.02497
3863462.84946
3851174.58534
3834799.00171
3812466.95922
3797821.81360
3784944.09559
3766369.99021
3747754.71277
3730817.76282
3721454.12934
3709662.10265
3691679.56562
3675558.64474
3653303.67960
3643451.80033
3627512.17685
3621631.98037
3601546.69617
3591008.91183
3572378.36201
3559659.41523
3544384.63923
3537053.50668
3519870.41904
3493966.59535
3494581.29352
3452964.04225
3474255.69893
3461276.62990
3450812.19717
3430395.61001
3419442.26340
3411954.78745
3419252.95938
