10748364.98917
10727607.84832
10696819.63698
10671514.29265
10666258.18636
10647467.16908
10617548.82333
10596090.37053
10572919.78263
10550444.22176
10543410.63046
10525219.82383
10505512.89772
10482382.59629
10463709.34636
10436870.32434
10424741.19967
10395958.84944
10377836.97298
10354451.09571
10353006.42602
10336074.73097
10310571.35420
10287103.88260
10265272.00408
10258864.23903
10226419.35599
10211534.70946
10187932.04487
10192013.83872
10166863.92856
10146526.00919
10113470.07165
10109512.28524
10084962.14153
10075140.92105
10045074.43267
10044143.51792
10033030.02427
10014146.62303
10002339.51467
9981701.73106
9945344.23808
9956565.28566
9929623.09119
9902634.89820
9875584.46008
9868144.33600
9865334.20752
