12347782.61324
12326990.81303
12305443.28099
12274267.16708
12255604.32950
12244511.84989
12224156.54437
12194910.86042
12175764.17368
12153596.96481
12132251.14532
12104049.92123
12093099.68797
12073541.69247
12055218.43792
12043327.77979
12026603.25790
12003208.65209
11978787.23351
11958331.65208
11929791.91175
11919968.86881
11895076.78737
11875546.19365
11849127.81713
11842859.56671
11831665.65653
11802655.80112
11804421.51042
11770102.31965
11749166.60799
11744427.46829
11714959.03862
11726454.96898
11687824.78769
11671756.02457
11651841.88662
11605947.66762
11612018.47197
11605264.42238
11578710.35751
11577371.48538
11553689.70725
11561460.74271
11517158.51802
11468874.67512
11480660.07620
11490199.95027
11444807.94030
