568497.41492
548422.15018
530451.48024
512510.88606
497897.56400
482352.57747
470120.07878
456488.02565
444031.33572
432694.44833
419122.98362
410490.74429
403703.47470
396769.96328
383321.31784
383009.83777
373298.37151
363890.25205
359437.81937
351940.97308
348786.29798
335831.90317
337029.97881
332749.27224
332683.64172
325077.15184
326070.69280
317531.70146
315942.49193
315313.77120
311713.34751
310457.65677
307373.51701
308309.82981
306105.06156
299383.43182
299391.38420
299141.44651
299341.85086
296855.14999
292500.76177
291251.50010
292254.15135
291181.35098
287564.65296
285127.40004
285118.49226
283049.48957
282740.93598
