5752100.63407
5730465.24480
5702957.11864
5690664.34944
5671109.93398
5649704.54792
5619855.87432
5599779.99130
5582580.66841
5561479.22187
5552945.15684
5538402.73901
5514096.25126
5489075.64761
5470586.94274
5456524.37579
5438182.78150
5413380.91821
5399181.37321
5383677.15672
5355049.91065
5347789.05657
5327860.71213
5310682.42293
5298634.02967
5282504.65358
5265440.63867
5249012.90711
5232157.84030
5218933.18729
5198324.99073
5183642.88264
5171674.82734
5148727.60872
5137921.44528
5127618.11516
5117799.28230
5088024.08428
5072964.72904
5060723.88541
5057074.64080
5024498.17899
5036584.77908
4997364.48367
5000448.06751
4977915.26194
4975107.82703
4955289.57127
4952499.24922
