177056.74140
157482.20971
141844.89495
128717.34091
116404.49513
106673.68102
97569.24197
93071.58662
87205.02606
83893.97295
81134.35843
78111.78851
75163.85719
73843.24480
71251.25285
69212.39973
67588.53746
65169.26241
64119.11768
62204.94914
59366.13253
57791.16362
56208.56327
55470.71411
54717.84435
52360.05711
51267.58546
50489.40217
48935.94240
48396.83873
47331.85392
47106.47439
45222.78927
43951.27236
43281.67222
41778.57564
42222.14898
41429.21601
40602.20040
39325.01283
39063.03714
38099.39513
38024.71183
37142.28546
36906.70521
36032.60286
34837.84493
34179.30784
34192.82264
