15578257.53661
15556055.20754
15503692.79085
15483452.96990
15452084.43229
15421496.30453
15421474.32335
15392838.90562
15371144.36749
15361057.93825
15357074.46095
15323298.71458
15315936.12263
15278508.26048
15259486.68495
15226370.18528
15226659.34848
15183951.01751
15171377.93868
15147325.57516
15138115.74775
15092252.53588
15113110.65687
15080664.76156
15072828.04319
15024368.13105
15017516.82901
15005243.51926
14979977.55270
14960814.59146
14929094.49052
14953936.31763
14919278.30008
14907413.89542
14870479.42003
14878961.38505
14858099.55899
14809626.42663
14830138.24928
14786287.27047
14772884.55308
14747648.29661
14709085.78329
14691602.35460
14687427.20207
14696322.86448
14671799.70380
14655620.12615
14621954.30891
