1362410.81733
1341362.81824
1318451.04108
1300308.93539
1282812.47714
1265233.71099
1249536.82494
1228953.71020
1215158.16926
1201796.82354
1186844.76378
1171074.38242
1160125.56116
1138114.82987
1131849.97243
1117536.34665
1107367.16073
1090076.97953
1077277.96028
1063507.49392
1058014.27497
1048487.42245
1035552.98662
1032780.39450
1017194.28026
1013725.72343
999789.53398
996041.02799
985375.68258
970634.82620
966113.29806
956288.51609
950424.15844
949736.21321
932363.31444
933136.79887
937213.63330
917716.19346
923739.33072
910991.67119
901964.37380
902102.29737
900889.22969
882280.87371
882789.37981
878670.74238
876271.90893
870299.09798
871845.92228
