10177657.56859
10126207.67010
10107329.11752
10086421.82625
10054792.84635
10034577.04658
10044328.38332
9999265.52035
9977253.68659
9961536.84311
9941559.37041
9918460.07387
9902317.81421
9875160.07983
9865254.22708
9837150.23775
9817132.59219
9801972.46476
9791451.42566
9763925.48124
9734430.01550
9717967.40689
9711167.17914
9691076.97868
9674262.18092
9652616.65881
9644204.56852
9611157.41364
9615904.40121
9582002.73208
9564375.40984
9559785.95320
9539519.71213
9535032.11501
9482900.43663
9457808.75125
9471028.39884
9436948.56126
9417535.47431
9427286.70357
9401597.13691
9362190.27854
9359156.27869
9351896.04381
9337436.38160
9322653.64223
9291373.62374
9296283.20162
9265340.52756
