2957216.06145
2928116.20753
2908798.02900
2892212.95052
2870038.79966
2852608.02078
2837021.83221
2816671.33665
2797811.00397
2781149.01047
2760948.66853
2742809.69639
2727553.69474
2705842.51447
2694785.86259
2677292.84542
2664496.71582
2640988.08756
2624537.11348
2613874.28691
2597919.70919
2585131.24795
2572054.98761
2558842.19538
2545174.97631
2527300.85491
2516662.60474
2491896.90725
2485662.74786
2473947.99184
2466998.01494
2451691.29026
2440029.18942
2427247.57782
2413363.15999
2390120.57704
2391945.29110
2367994.59402
2370540.56067
2361375.47578
2335124.22394
2333140.17957
2333778.84982
2316454.94575
2304030.37208
2297423.15078
2281858.19377
2269063.31331
2260498.12243
