5552215.34435
5531747.01865
5509373.54185
5490404.59809
5462330.12812
5439614.25485
5428225.43039
5404199.61521
5380652.59026
5364892.10537
5348048.11647
5326104.21946
5312377.18450
5285968.69614
5276510.00292
5256363.04172
5236491.81248
5210498.45004
5200519.25831
5178201.05974
5163297.13301
5146929.97340
5138621.79072
5113384.02124
5101810.88706
5088640.58579
5062884.28435
5052410.65598
5038158.58985
5014957.00788
5008879.09941
4981850.04588
4966693.19479
4949494.48324
4942971.35421
4929242.70224
4907111.26428
4917017.49915
4873703.46830
4862133.58485
4850121.34055
4842827.76051
4814275.02706
4826250.04052
4792557.73365
4801080.20706
4777620.41841
4761964.06803
4738208.85300
