8949150.36464
8917056.76535
8908244.33195
8879356.11909
8865695.49074
8844371.06793
8823919.31809
8795666.21923
8774553.70968
8760197.65155
8744497.78217
8716763.21493
8705489.28475
8676778.62182
8663530.41507
8637779.19619
8617866.54149
8607657.97382
8591059.36970
8571815.10205
8540869.73287
8529677.59299
8517008.52071
8499040.10585
8484201.94853
8458985.30353
8438343.47050
8416219.54717
8419695.83747
8400824.56781
8366343.51411
8356600.53337
8325515.55337
8315262.86243
8296016.39600
8289892.58654
8277479.34887
8267803.01131
8251371.17689
8239854.33094
8200739.53024
8226363.91259
8171093.49927
8165202.16776
8139514.52642
8158447.34351
8121413.98710
8070828.89495
8095923.28872
