6550855.68652
6519635.38032
6509948.08714
6490591.89724
6466314.75049
6439604.84176
6419981.43460
6399893.80291
6382574.68863
6366079.06856
6342460.71669
6326478.48613
6304037.70258
6282706.13017
6270989.11285
6251444.89348
6231789.89241
6210700.04142
6196100.45581
6174663.92102
6164090.08839
6143355.20278
6119400.99306
6105954.26021
6094258.83064
6076355.96353
6058007.33384
6040657.89548
6033348.82586
6000959.37331
5998779.64644
5966796.67710
5954472.25670
5940032.65844
5921783.45445
5926328.01407
5891756.08829
5883682.41680
5861999.54139
5849610.95089
5819619.89724
5844893.02162
5817801.66949
5808388.80227
5778506.47967
5767920.82372
5748701.86245
5740819.58986
5727685.43383
