14147073.01196
14126421.32261
14106878.43624
14083858.19087
14059370.54160
14063603.88148
14023283.83251
13994499.57780
13982507.20864
13954240.58043
13933433.57519
13912111.47916
13917898.58652
13874117.31837
13875271.63264
13836549.45123
13821374.17140
13809489.33412
13776218.67428
13743569.73036
13727570.49411
13716458.25423
13678676.77442
13677716.15267
13664610.32564
13633315.54703
13618422.07031
13597408.99575
13591120.32101
13577829.68474
13532849.80150
13523738.76947
13499031.46539
13519269.33512
13460818.04421
13439466.93498
13444363.15892
13421673.53179
13381425.94020
13383270.96759
13352931.28550
13343042.59401
13314402.86136
13308953.48868
13293400.80154
13255528.47223
13212002.16464
13253967.88406
13228276.80062
