14577332.07819
14529850.08276
14500131.87736
14478518.89589
14461921.64415
14439646.30400
14416309.16552
14389363.99128
14378636.74662
14377716.23710
14336471.96116
14316778.38629
14296786.66811
14266536.56415
14247900.65647
14229165.48486
14225687.23411
14191011.76641
14166859.23215
14154163.56521
14141835.62257
14118238.46823
14119686.83316
14066890.35988
14040213.51658
14058484.47759
14021011.49953
14010664.25687
13970698.28613
13973456.54297
13951879.12262
13919182.37444
13895246.69108
13882069.58527
13853669.40122
13846111.65875
13840423.57803
13827157.06931
13797267.75188
13799573.18530
13754561.72194
13748161.18111
13743172.44501
13711876.51028
13712520.40830
13678988.86084
13640157.08184
13622602.28281
13593846.54187
