766008.84373
743559.09654
723112.96191
709739.57302
690129.80603
674472.29509
661781.13083
645047.03509
632325.00751
615716.98173
606693.03914
588968.21388
581178.87882
571553.74962
561533.72551
551743.83607
540879.60397
532522.05644
528796.74848
517003.26398
516750.40877
501954.04749
503650.79154
490545.06102
485201.89381
475606.25265
468354.01758
473430.20445
470874.22182
470055.40456
463004.10336
453042.53581
452086.21042
450304.81032
446347.56743
443513.86951
439266.66638
434997.39652
438655.00881
430897.47448
429852.74165
426918.53622
424123.93606
420903.24873
420646.33922
420470.76694
421025.91468
417769.18137
414897.34612
