1162803.20009
1142554.14283
1118663.70620
1104405.36695
1083524.36086
1065719.70095
1046583.88113
1031681.25546
1017366.67002
1001966.70502
985197.08651
971350.31930
958928.35446
945789.84292
932157.60019
921184.45248
911716.51577
900998.06346
886743.24258
880136.20440
865287.03046
861874.05842
857214.93860
835681.40111
830766.23267
827357.16101
817354.64118
816027.24833
795915.53794
794089.08916
783608.41355
777029.99839
770886.37270
769092.08258
770865.92812
753324.93650
753921.60417
744726.39336
742337.91350
735543.96168
735994.59103
729520.58278
730255.86278
716674.41815
724859.23491
716598.99365
709087.95509
714343.28669
701272.00006
