11748023.67861
11715335.27513
11705672.90144
11684020.19085
11659129.37079
11638289.58446
11620950.46379
11601413.72832
11585735.54306
11564998.40916
11549783.63223
11509836.88025
11498916.44619
11473485.87257
11458330.93000
11437776.93794
11421222.96040
11408923.55908
11376347.73888
11360779.77463
11338278.88964
11320112.22023
11321176.46581
11277434.27675
11266000.81432
11250846.86447
11224606.89333
11207812.13781
11211914.12843
11165586.93029
11154447.39063
11170944.35634
11126586.35427
11095009.59505
11079996.53071
11071816.53416
11049306.99266
11023261.24481
11006913.25256
11000170.37939
10970103.00776
10962905.51011
10956322.32077
10941751.62422
10899518.58754
10924046.67919
10868071.23478
10871896.60606
10862007.67239
