9348883.28524
9351680.47135
9306753.75415
9289166.49083
9257857.13261
9238876.96283
9218140.91450
9201145.72948
9179172.98339
9161052.18059
9143597.58541
9115451.41891
9101698.51587
9084441.19727
9058482.89701
9039441.04523
9032080.10703
9007884.54127
8988830.44730
8965478.21797
8940126.01353
8919690.53880
8913818.91719
8889561.54011
8883735.44551
8851449.46806
8831554.04039
8805346.18575
8801902.85525
8783131.27862
8772317.89505
8737189.51092
8731064.51103
8725380.29220
8718149.31306
8671654.92935
8670922.82756
8640295.75184
8658295.82643
8632348.99576
8579900.29291
8559215.00926
8561643.42848
8554916.16259
8536227.89696
8515479.19011
8523959.94013
8485697.71834
8485393.76680
