9178141.55912
9128353.68990
9106747.81960
9086753.77747
9068205.19236
9045314.36189
9019079.56993
8993538.17727
8985396.58617
8960234.60909
8940939.70967
8928534.00165
8904077.05628
8886058.60739
8865857.71057
8842767.21292
8827939.55707
8804708.02308
8786572.38548
8769927.69372
8749046.39859
8727654.24103
8708301.51016
8686974.85436
8668079.20684
8654126.81069
8644884.63079
8624917.47262
8596237.07900
8594920.40495
8565868.20559
8545074.27083
8546127.70787
8510362.60723
8511915.44650
8497818.34596
8477584.68486
8475388.31078
8434703.64985
8419611.33821
8381936.38101
8382213.35361
8366138.60488
8344115.30312
8310135.92702
8331513.01684
8341582.07811
8322078.50350
8293605.14667
