8349637.23759
8329216.14108
8296767.58378
8276615.20108
8257331.70732
8248574.20384
8228436.41472
8197086.99580
8177632.03033
8156613.38014
8148510.56784
8120290.92549
8109328.05279
8076398.57658
8065472.51534
8042412.09268
8023932.87293
8012364.54916
7996105.15122
7967074.28844
7963086.93720
7932532.83169
7916816.67042
7892595.86414
7870488.21854
7854073.90187
7845049.44940
7826359.53300
7822220.61644
7790705.02815
7784455.85425
7751599.41005
7742521.41926
7720583.29348
7730863.14022
7701256.86266
7666419.85751
7663023.03797
7661013.10009
7630921.11253
7616103.79497
7599971.14137
7578307.18061
7554484.88715
7559813.92888
7542242.88255
7522415.74567
7500258.12513
7525886.92447
