5951728.05910
5931409.93960
5900450.39932
5879789.64841
5862712.95235
5845564.27272
5827595.54593
5801841.71685
5786414.42456
5759548.57948
5745497.49620
5726008.46911
5706726.88209
5686489.68260
5680267.81651
5652744.74542
5639687.95289
5621546.41649
5596615.18314
5583156.06823
5561956.71574
5542687.32297
5529712.87575
5508806.17005
5496604.07941
5477645.86867
5462300.81793
5442394.24330
5429772.08967
5417602.82707
5394036.15262
5388407.64513
5357801.24520
5353131.27855
5333849.01065
5327627.51457
5293579.67213
5285156.07075
5285320.68233
5261532.43600
5231780.83615
5227591.66501
5236931.52270
5195298.49340
5184160.87287
5171333.99395
5167038.43469
5150908.16245
5126038.77938
