13947126.93868
13957123.04391
13892861.05058
13872147.99134
13860307.04779
13842445.19175
13810090.45766
13797936.41391
13782581.71866
13750530.48862
13732802.08326
13700986.37048
13685235.26654
13683903.73065
13643730.53214
13626317.28943
13617780.73536
13586173.88329
13573178.77164
13528396.16324
13528614.92904
13514994.69251
13504493.54446
13489212.66952
13456680.69094
13455342.74730
13415638.25957
13395182.01015
13371728.77739
13361054.43038
13330257.55001
13311823.73170
13309873.16451
13295236.44019
13299846.48094
13249017.80455
13236022.02312
13255446.53481
13199201.92910
13149535.99669
13133556.53733
13159818.55085
13114634.16677
13111030.36396
13093054.81037
13109012.66594
13084601.79728
13048759.10988
13033448.68634
