15770604.99990
15725611.01023
15695446.85283
15701058.06162
15650722.19924
15666605.55151
15618154.56039
15580674.47533
15576590.28773
15558852.25600
15525848.66065
15519374.07822
15486396.70245
15470177.78459
15459243.15671
15452307.67024
15432528.59882
15395864.54893
15368524.96156
15337830.37026
15326876.45561
15330550.81620
15294948.46596
15271367.55179
15255650.03069
15228587.15715
15216963.73275
15204892.62000
15182164.79304
15173932.66539
15145066.43893
15143543.85556
15086713.75198
15108967.45026
15042323.90791
15051979.91440
15040712.71941
15015547.93247
14957788.87439
14959542.79518
14966211.60393
14943274.79835
14946108.10963
14917868.72087
14920479.29902
14847147.90593
14865718.76710
14862414.63449
14832674.48232
