9748693.22712
9726369.04202
9706071.81856
9677740.75595
9666156.93064
9630223.55678
9626895.07114
9588324.43217
9581610.56993
9555741.49376
9536116.35226
9526836.70865
9495003.87369
9485954.29298
9457314.26904
9440312.69403
9427100.40012
9425663.67078
9381135.84264
9361495.34531
9338316.53345
9331891.48722
9318732.02205
9299468.31615
9270763.10254
9270194.33458
9228220.22330
9237611.09167
9194607.10865
9172487.19372
9181539.41781
9152662.30033
9145855.40516
9121985.29876
9086576.19790
9085690.15167
9075405.43496
9071848.67503
9035504.22100
9007706.00055
9009392.13648
8970481.08103
8961686.60550
8947189.89247
8930314.06564
8928352.63054
8907472.08201
8883276.67125
8867147.37296
