3754752.82825
3733435.09757
3704934.76676
3686820.75915
3666606.35665
3651683.67846
3629740.51741
3609069.28830
3596212.83806
3573396.61498
3554162.16072
3536362.42515
3521126.09230
3499961.70885
3479357.15993
3472898.68372
3454993.25571
3437321.02781
3414165.25707
3401972.39630
3383088.40770
3370433.49752
3363941.88969
3341248.53022
3320073.72474
3309380.31651
3301112.81042
3280777.09932
3264771.69467
3250001.01707
3241147.96827
3219111.21886
3213155.21531
3202807.86170
3191871.93437
3179506.42876
3165867.34965
3155867.69778
3130667.55200
3113435.71396
3103436.47985
3094101.32045
3081211.28466
3078497.46062
3060924.45416
3047149.14514
3029586.81458
3023154.79166
3020401.25727
