12973352.60578
12926316.13183
12905015.76040
12905081.80656
12862764.79318
12875001.90637
12812910.76125
12818946.24531
12783769.48429
12744253.44527
12737950.72906
12715881.18741
12699902.42885
12681724.18955
12646978.50822
12638290.62211
12615332.17920
12603053.00323
12591135.03478
12545701.42072
12531589.68082
12522046.21201
12504772.06324
12485462.05689
12457478.43236
12463236.50529
12421100.21567
12427204.15278
12375988.72085
12404543.07249
12342836.07446
12327311.78865
12301480.38784
12304154.33106
12275551.28834
12279128.03670
12281421.58183
12236797.60493
12226790.47791
12194037.61763
12187354.20800
12141866.89360
12153975.08167
12133405.86639
12101761.86768
12083340.94773
12055532.64390
12042327.63653
12036648.03254
