372385.40402
353202.34708
335716.61249
319773.68229
304866.62684
292026.77202
279399.29750
269040.16539
256176.33938
248781.30548
242863.85291
231357.58503
227592.42194
221182.71651
211827.23487
214099.67318
207115.89758
205213.58829
196484.24455
194375.20195
195422.98749
192554.11340
190262.91773
187934.32946
184614.45180
183176.27150
181498.90044
180158.09170
177344.04362
176373.07299
175553.77467
175451.70910
172077.34290
170138.41053
168656.74672
165907.25270
166273.11655
164100.46806
164628.12142
163537.80326
160430.71918
161272.27248
159376.89698
158215.66825
158260.20360
155435.89579
155425.28281
154931.40146
153703.91942
