10948288.93385
10918140.23539
10903914.93948
10885511.96005
10858054.97282
10830821.29172
10819337.18723
10801169.79079
10780348.03560
10756132.57464
10735934.57449
10728099.40972
10710350.38242
10697762.62242
10666719.85127
10637511.18335
10640945.67027
10609142.83878
10591095.72413
10556410.72755
10542564.21931
10521392.57986
10502791.08230
10486791.93967
10459291.55476
10455974.94064
10419093.82625
10419411.14872
10384122.51613
10366327.05939
10353775.32622
10361113.22666
10334791.77277
10292436.96834
10284220.78927
10274012.85474
10252002.14544
10236672.11565
10198486.13505
10187758.53813
10207404.98903
10175870.85314
10152434.28282
10165584.72030
10118625.54348
10111037.70369
10071500.18190
10065789.14622
10058971.65563
