8149683.30685
8129372.45731
8107914.68707
8079993.34791
8065224.13151
8044748.09904
8017124.36796
7999023.22577
7981222.50777
7957814.65510
7940265.18860
7926225.41396
7900507.75484
7877185.21694
7869178.92890
7842490.40334
7841475.86252
7810857.41211
7799948.52774
7764926.03758
7758185.01735
7733156.06246
7707517.28025
7697179.65906
7680347.71885
7660170.50307
7660803.49403
7641867.60681
7611486.27044
7596021.06641
7577640.39643
7559084.39456
7545101.15821
7571286.82647
7518229.23651
7488559.74268
7470523.98059
7440007.05464
7429968.69845
7427034.19706
7410984.40846
7408048.98504
7380384.47234
7347378.78899
7354685.51841
7350941.42396
7315874.30739
7301300.03691
7285134.98780
