3355417.21033
3334872.95428
3306029.82795
3293660.15905
3263968.57099
3247801.80107
3226255.08793
3211410.54741
3190606.78369
3174931.93640
3155675.36362
3138817.67643
3121858.94103
3107691.22944
3085472.33178
3074559.75847
3055382.02874
3042406.73840
3015075.16075
3003930.50111
2986852.62929
2973695.34149
2955969.01793
2944685.50221
2934228.71472
2920126.07551
2901332.56450
2884794.46256
2875647.57204
2861009.06776
2849868.73962
2834280.58345
2830698.46624
2803871.50751
2799976.24615
2787349.27627
2777558.74832
2759144.50872
2753159.70018
2730374.71691
2724456.12465
2705128.43606
2709033.41747
2682510.00119
2671607.62318
2659998.05608
2663216.20876
2632512.48101
2638284.06967
