4778150.89550
4733152.84604
4703440.62785
4683983.88226
4665778.77899
4650947.28399
4624863.66709
4608902.19463
4585879.86622
4568051.31478
4554891.86295
4526305.33784
4511396.92695
4497782.99118
4479856.44169
4463282.83669
4440495.13642
4423112.44576
4408811.28212
4389031.81884
4365676.25175
4358536.97408
4340865.68262
4321800.35598
4304610.48636
4289737.10239
4270692.19065
4264931.47149
4249124.67012
4232942.13033
4207372.41834
4206383.63078
4182918.47001
4169317.34885
4156026.65071
4149791.33632
4120815.10093
4116556.97278
4102515.84776
4084212.39753
4072894.82264
4059794.46147
4051746.53312
4039574.50246
4015766.59714
4000192.18789
3986463.43374
3986762.93609
3968845.24094
