6777274.98123
6730041.85046
6710117.87965
6681420.33343
6664771.38976
6639665.41531
6621885.79008
6603585.71404
6581781.39327
6561979.30394
6544082.54514
6522117.12168
6507275.51779
6488804.72126
6467729.33515
6448835.91823
6425142.69081
6420005.09515
6390176.75173
6383301.50961
6364944.90789
6329899.21609
6323998.85670
6302244.74460
6279027.87506
6269606.27082
6258097.43635
6229487.49407
6219127.53369
6203557.57018
6190738.94448
6174811.52249
6154720.58721
6132353.89083
6151520.10917
6109124.27867
6080164.60453
6075179.28796
6059969.44083
6036576.73795
6021033.64426
6000557.15153
5989106.01573
5993950.77995
5979904.42816
5968468.51448
5958138.89007
5946125.28868
5920639.44264
