14746863.84184
14725571.39024
14704734.42216
14713414.40469
14660895.18240
14630285.13528
14623186.83567
14600993.34180
14570200.89823
14547366.34451
14548432.10824
14530391.94541
14482613.63920
14485026.41868
14448568.88225
14453561.13206
14441144.61773
14393175.92438
14371675.92572
14334130.49242
14323966.22517
14302793.20311
14306390.93385
14306702.73374
14260948.92381
14233244.48229
14204757.67322
14201868.58147
14159524.89309
14180202.28240
14144568.63926
14116707.67106
14144867.94825
14094819.00279
14056069.90840
14025054.78185
14024590.23282
13995033.47951
13998351.03017
13958597.91154
13965192.59711
13971090.72156
13931034.56927
13920093.47269
13893967.16832
13872229.38999
13864262.78676
13861481.81477
13831941.67192
