11548059.66125
11515336.54202
11506608.28395
11474406.86226
11454309.36823
11441338.07118
11411891.51792
11396410.62209
11402834.57885
11352670.45989
11340897.93291
11310505.25861
11301288.20698
11277068.33876
11260206.42640
11270186.75435
11222969.88746
11199012.37157
11175695.26966
11168897.88486
11155163.05537
11112687.46031
11114930.57863
11085320.21148
11070979.67765
11039096.53802
11027551.24451
11002571.92089
10995410.05933
10978649.49002
10953447.37983
10933873.43321
10917514.71094
10903279.32637
10909301.55172
10855414.28885
10887206.73689
10837423.17908
10821357.05900
10798934.15072
10780726.85229
10768580.13936
10725693.52340
10734040.56175
10722664.12790
10690358.56942
10669220.06104
10643348.71437
10667065.46726
