1760748.79166
1734553.00865
1716337.41858
1697404.72772
1679648.21984
1661159.94455
1643595.36598
1625458.73050
1606292.65156
1591366.78832
1578218.51773
1560369.30151
1546008.14935
1526825.23173
1518914.44791
1502277.89953
1489683.49510
1473151.95418
1461907.78871
1453600.62099
1443365.23763
1422105.60118
1413342.92544
1406076.87587
1389080.35604
1377945.09173
1371733.00997
1360939.18455
1344172.40061
1333670.59868
1325455.69354
1317878.96381
1304739.46278
1296357.79649
1295504.54212
1289629.53778
1271061.87015
1272364.17809
1259764.05088
1258654.78981
1239202.55699
1250918.21909
1234957.21230
1226916.66698
1216279.53827
1226584.51358
1213883.27331
1204491.43127
1192403.76124
