2557980.21846
2537524.39903
2511921.02319
2491048.77055
2471366.86636
2454486.64285
2435932.76817
2419168.62050
2399604.83641
2382613.54154
2365349.75087
2346934.53119
2330607.23172
2309743.22224
2297303.61485
2287144.89849
2268262.86907
2253775.75362
2234049.36847
2225146.53682
2212744.70516
2196268.08806
2179689.85042
2162631.96059
2155757.61053
2140101.95519
2124509.72180
2113505.61513
2101251.18382
2090200.66578
2077366.41190
2062807.45596
2055107.99844
2039586.84498
2024724.09866
2023223.89835
2012240.26290
1997290.89260
2000637.22748
1983693.38883
1967746.68788
1963031.18605
1947280.24816
1929468.22353
1909871.96386
1916211.61593
1903501.84698
1913587.77051
1911348.42085
