6950519.32010
6929556.43498
6908121.53691
6888572.61564
6860159.53620
6839648.92106
6826251.01792
6804381.80211
6781952.52241
6767106.66650
6743881.42802
6726573.15541
6706513.16621
6682523.15619
6671220.66210
6644975.79370
6629116.04874
6607931.95169
6600903.63478
6570865.50570
6555101.11764
6544880.14724
6533023.89495
6510571.26278
6502621.40729
6471861.33332
6449760.69553
6428038.37950
6412940.88725
6404625.51553
6388652.74294
6366868.68994
6349355.91350
6335936.40190
6323684.15321
6305227.12912
6289372.23937
6283696.91392
6270175.69385
6247229.02992
6215530.86537
6218494.17935
6210254.58616
6181792.37317
6166939.73748
6148587.14782
6127770.09863
6113743.52377
6111160.66110
