5152746.63989
5127140.71127
5112115.92034
5083364.27146
5069290.98186
5051169.15197
5024433.71989
5005306.74809
4983005.21232
4966616.10706
4951382.23889
4930525.84564
4907705.09462
4894405.71717
4875265.18534
4859512.25284
4839438.75251
4823595.74656
4810473.36838
4787315.66629
4769803.83295
4756011.97403
4742594.32677
4710444.15015
4708977.41759
4691840.62728
4672704.18357
4651639.05297
4643580.35257
4621077.23140
4604523.04165
4588850.34680
4582511.36967
4567408.72876
4545048.10991
4525858.24857
4512774.54734
4502576.58716
4488686.01614
4473728.70433
4460123.42882
4438972.15884
4431959.43108
4424285.14016
4401402.73320
4390668.77334
4384335.74749
4367133.88092
4349874.91002
