11148184.79015
11127130.55874
11106364.03798
11083871.82035
11062286.75668
11044176.29677
11008669.99735
11003286.85618
10984498.91562
10953138.97423
10942663.59525
10920223.86017
10925976.65137
10870336.41220
10863647.69294
10832589.56164
10820311.58651
10802289.31746
10782285.75202
10757381.08618
10741746.46601
10724334.48799
10707548.69646
10692915.94152
10684700.60353
10642117.54937
10631559.03525
10611815.98895
10603880.41341
10578404.90030
10547042.28184
10547892.48856
10517252.56745
10513124.89901
10481498.39345
10455446.77911
10479424.10641
10415969.64102
10433905.78221
10403778.78352
10413242.26718
10367000.36723
10340506.19077
10327215.32786
10308330.14344
10290959.50620
10298180.34429
10261694.74647
10251967.29796
