2158782.69142
2131002.02527
2111494.67612
2092460.81644
2073828.66549
2054805.84718
2036556.18699
2020891.90796
2001972.55660
1982885.71560
1967940.22848
1952902.00769
1937323.12699
1920508.41238
1905874.28790
1891667.59912
1873566.69812
1865425.85330
1847019.22396
1828924.10348
1822052.03361
1803146.21558
1791784.21594
1783946.26259
1763984.12988
1762359.32053
1742493.05900
1735244.58788
1718596.66576
1708446.10168
1702542.09011
1685694.55644
1682200.37294
1665678.10485
1657123.11858
1659418.04816
1641700.05071
1635079.15005
1619800.79611
1603716.15533
1609499.37713
1594134.42117
1594156.96849
1582451.16810
1573279.19988
1568997.58571
1559186.68422
1541764.48744
1553270.09327
