7178480.72165
7129580.08131
7098120.33573
7087687.81462
7067649.68168
7038408.31709
7014409.25721
7002478.40329
6984355.01727
6961754.39752
6948347.56130
6925792.58289
6904858.41652
6890625.84064
6865869.40662
6852900.78795
6832755.64743
6807635.02349
6789748.93774
6775449.17894
6751404.47907
6738791.23489
6721719.98473
6710164.37973
6676241.24325
6659908.76484
6652667.09395
6637781.18330
6616731.89195
6609124.98115
6586963.02844
6564409.06450
6550829.93252
6538957.88687
6520996.81765
6498135.45199
6470982.01769
6466492.58035
6465206.30163
6446235.21427
6423101.96075
6418781.65952
6397765.83750
6359194.07493
6366270.00776
6346989.03779
6333806.45089
6321888.01952
6315957.97285
