4953151.84632
4932801.06731
4911940.27697
4882711.72998
4872928.63490
4852504.94571
4829370.08858
4801080.32625
4785166.99185
4760825.82790
4744669.55146
4732164.90827
4713206.21088
4692147.70506
4669819.00633
4659813.98943
4637905.39507
4624503.91132
4606626.65228
4594197.20990
4571368.80934
4562236.50733
4545265.73467
4512793.10110
4506038.83181
4484272.95108
4477935.17331
4456384.63062
4442813.44751
4432982.19444
4408284.18379
4394771.86566
4376862.76176
4365650.75474
4355441.02936
4349733.44164
4330948.01867
4306445.65749
4291158.62453
4266019.29211
4267881.61412
4244951.82854
4227171.20805
4229473.85946
4215434.24058
4197229.51731
4185726.92611
4182353.93274
4158417.76228
