8549527.01803
8528661.70291
8495734.94356
8488173.05312
8467347.34596
8448324.89583
8423706.08494
8404037.90103
8388600.22274
8355692.95745
8336941.73913
8319393.40205
8307456.47757
8287045.61406
8258588.02239
8243259.14674
8230191.92048
8203627.81613
8191948.44692
8169456.98362
8154714.81573
8129726.13240
8120159.52471
8091637.89093
8082265.75472
8053455.37470
8041404.55188
8024539.53502
8019150.13352
7985550.19758
7970843.23563
7965575.18952
7945785.85797
7917849.12604
7896387.85143
7882879.78787
7883800.19161
7848528.46170
7832085.15740
7830099.16377
7816945.21284
7790778.91287
7779893.03967
7768793.90529
7733975.00800
7747628.40607
7716253.24103
7698669.37866
7700102.66399
