7550196.84006
7522275.70295
7507354.03372
7488313.70489
7463572.04922
7448875.63186
7427525.88424
7408348.57360
7376413.82404
7366990.77516
7349172.92149
7325678.08857
7303314.54313
7273406.05451
7268878.89817
7250884.10989
7229304.68601
7214216.69157
7191368.49220
7171782.44777
7153031.49086
7136387.76138
7124255.39840
7104302.76166
7080064.26980
7072486.72129
7046292.46675
7029389.90002
7011169.88685
7000950.74648
6992154.34523
6955975.84037
6947458.39353
6919705.81174
6922058.09147
6905297.40482
6882969.35723
6861552.18406
6852742.94076
6835916.87404
6812613.38093
6812292.18665
6783190.23431
6756729.70963
6746163.38945
6754115.17461
6719898.80894
6717899.57613
6672645.96575
