12777383.46266
12726518.44912
12705870.78971
12674167.55222
12663826.36437
12642154.74233
12618347.79673
12596163.65715
12571672.59585
12548449.48166
12540822.92842
12517470.79259
12498670.84283
12474286.76848
12461525.83920
12437794.56049
12420674.28062
12402026.46435
12397497.11075
12351430.50368
12343682.17668
12321023.55562
12296178.83466
12280554.68574
12256528.15325
12235338.11024
12217489.26582
12217423.44448
12214006.70634
12166247.82441
12158136.78724
12137779.37528
12118933.47847
12079234.63344
12068447.93938
12083692.17024
12047926.34707
12030209.37472
11990737.30638
11986398.11837
11976897.41364
11943228.12777
11967132.16458
11917817.09676
11897851.47745
11895155.39537
11886422.01150
11833992.11250
11841455.84338
