13547175.43228
13556256.46609
13506652.39776
13483991.65893
13454092.23863
13434674.03911
13405070.53302
13404170.23650
13382388.90319
13350686.71561
13340501.11625
13313198.22955
13295862.65357
13268275.12432
13261933.06164
13232942.66004
13238093.45684
13195934.85691
13178836.70204
13159822.29726
13130049.65751
13139525.37698
13127291.19431
13084215.11188
13056793.88475
13038288.59794
13046166.91899
13018106.74766
13003219.83891
12945606.34372
12943403.54537
12950992.08280
12911098.47422
12908846.65066
12863050.10680
12860471.54500
12849166.80380
12834490.79049
12824593.26314
12783762.49796
12789979.55860
12755305.72000
12739963.13844
12729638.32816
12680047.91150
12693434.14743
12664716.81566
12644670.31548
12610441.20882
