2757694.41667
2733951.21080
2710812.23080
2698440.80989
2671385.64016
2649586.26294
2632279.18345
2614897.22568
2599610.27370
2585298.45044
2563413.11987
2544980.65092
2529537.21859
2509382.02590
2491911.95626
2481932.57263
2465011.02407
2449974.37872
2434536.54571
2419507.87625
2401867.94775
2388872.53669
2372492.41985
2365075.37277
2352499.34780
2337517.32203
2324231.21399
2304820.65268
2292926.78969
2281417.62011
2274918.08389
2253118.97302
2246896.90744
2239526.98113
2227612.46340
2199915.82781
2202439.75085
2188495.96349
2172115.99770
2171118.09259
2170011.16733
2157681.96302
2136759.86454
2131124.14896
2112222.86884
2112553.38706
2113791.67650
2090291.02908
2076113.04254
