6350918.31391
6330226.47597
6304493.87448
6283962.49818
6264580.92709
6239157.47936
6222426.15866
6210407.85477
6180908.90271
6168928.44091
6143097.69200
6127858.00581
6111635.52952
6082934.47037
6066832.69429
6051894.30437
6034383.66440
6015918.49134
5993780.15160
5978595.59993
5964534.01888
5949443.12973
5924826.25968
5903172.92452
5885495.26156
5871508.99340
5862058.59141
5834213.98807
5827482.47605
5805729.58176
5793613.74342
5776363.50255
5761016.49289
5744918.44501
5739694.81777
5709884.52327
5694182.48164
5679149.55600
5655923.40598
5647839.76702
5638132.93262
5631499.25045
5603506.27369
5589684.80676
5591769.28409
5591412.72420
5570879.58657
5535524.44489
5543650.53374
