4354027.55575
4332638.67824
4301029.31395
4293771.28162
4262163.33631
4245016.54213
4234250.22199
4207473.62839
4188902.34395
4170925.46167
4153742.80773
4138637.35356
4117280.00306
4105359.07430
4082409.52051
4067892.64339
4049850.12547
4028477.60394
4008137.70982
3998405.49176
3976931.04374
3964226.37033
3941074.23225
3929189.47892
3916333.17724
3896374.19503
3885054.81435
3873288.39104
3860849.35263
3830539.46824
3830298.81975
3804764.21442
3795193.41142
3789059.78077
3767540.50384
3761768.36370
3744376.05488
3723026.27916
3709402.10834
3698618.53361
3686643.05151
3674840.04985
3660322.18595
3654618.50826
3621836.04198
3628371.46820
3589636.75560
3584541.47758
3593736.16594
