3555120.51525
3525443.92943
3515491.97279
3487166.22762
3469980.74654
3448829.81066
3427672.68426
3411859.57773
3387978.45657
3374397.18896
3352610.99379
3337460.94985
3321257.19846
3305260.11288
3292969.19798
3273354.96652
3251542.39440
3239563.44077
3219282.50741
3207616.49967
3183691.76232
3169832.57501
3158071.85353
3138117.74339
3128765.15787
3101012.77971
3099833.30976
3083703.86086
3071580.09011
3053005.43042
3043949.08159
3018819.34731
3004903.47852
2994459.82517
2991646.94010
2971827.47261
2972323.63780
2948923.62088
2934087.07904
2926590.28585
2913707.00462
2908369.75456
2887111.20574
2892818.99172
2865418.81794
2867129.41545
2853914.35918
2828775.71891
2817963.86907
