15346696.84178
15325818.43193
15335382.14516
15285523.43392
15262226.19301
15242668.76877
15223157.40510
15200103.02062
15173026.31731
15137842.82645
15125939.12761
15117289.53193
15085956.67502
15063871.18987
15060099.50003
15031932.43607
15033839.40203
15006843.12006
14986185.66194
14941921.63835
14934653.17601
14922058.97389
14895764.68865
14899430.08727
14861276.94093
14847202.88720
14798212.78268
14786094.69291
14772759.59160
14750380.41546
14786792.98996
14728058.29639
14725196.99769
14678055.05944
14658561.09932
14649594.22629
14658053.67732
14613362.76909
14585467.56487
14566496.34687
14578151.06005
14532952.84347
14512600.12020
14515760.94246
14518866.81330
14472840.41220
14428478.44305
14465392.95120
14424258.05739
