11348106.04115
11328731.14219
11306625.39739
11283997.34673
11265309.33322
11240458.55566
11214683.18255
11194290.64098
11181958.90512
11152070.60469
11135928.10995
11113737.24971
11101484.05301
11088717.29524
11072626.82883
11028422.49798
11017756.96422
11003815.01465
10974552.11336
10956569.74624
10943027.96335
10923159.65575
10890267.00373
10875344.78329
10861644.80347
10850383.24376
10822108.29032
10816094.97119
10794292.60431
10796685.84982
10754087.06683
10742713.99661
10728530.93249
10699556.36084
10673517.99253
10688114.40830
10643317.09347
10648013.64836
10602862.62264
10582198.15916
10562370.98389
10582024.19391
10551887.76758
10523000.43069
10523652.05011
10506169.99497
10501799.36489
10462763.11151
10471569.46508
