3954525.60360
3934091.96905
3905387.05179
3887075.30811
3865299.98537
3847098.80726
3827573.24381
3809592.51188
3792938.09423
3772868.73771
3756193.30093
3739241.70779
3720658.34883
3704364.75945
3681828.99346
3667735.38129
3653264.23574
3632844.75156
3617202.28797
3592234.22692
3590181.11768
3573964.95620
3553638.42333
3541143.02108
3525232.19535
3510948.80708
3484355.48605
3464392.17536
3456216.81259
3449706.28596
3432509.00143
3430929.58567
3406848.82293
3388350.49442
3384092.62173
3369403.72440
3358591.34165
3335358.78747
3315322.49713
3319681.53104
3313632.45505
3289112.35604
3276412.12918
3267645.23956
3250833.67342
3244863.60245
3226494.63684
3210874.73544
3212042.80680
