2358163.12545
2330204.13856
2317996.51016
2290980.13803
2272566.85300
2249651.24290
2234854.99518
2222669.00324
2201161.89240
2184809.11989
2170931.35811
2150237.98602
2133194.45406
2120823.81759
2105531.79942
2085525.01537
2072173.70515
2054955.90278
2047045.78121
2030456.96300
2012756.20598
2003825.38661
1985498.33034
1972066.73058
1962299.48881
1947960.76577
1938369.03926
1921675.14221
1915231.73008
1900278.68781
1884120.71026
1876236.09464
1860504.23164
1853556.28255
1848911.26076
1832018.12556
1820693.14092
1821024.91853
1811035.42956
1806429.80394
1781444.92249
1774347.87826
1770902.32737
1754266.14632
1751693.54520
1747754.02828
1733759.62849
1730043.04182
1714575.27487
