11972993.39985
11927301.83967
11906961.79878
11875094.04682
11866109.24437
11833549.05093
11826303.44338
11806769.03939
11779329.72059
11753612.51731
11726110.74477
11720260.48746
11696384.06309
11679471.17018
11662951.76360
11636751.54578
11615068.22889
11598533.57699
11589349.46133
11557756.11186
11542359.52643
11514101.40807
11495896.09729
11484638.12787
11467609.98347
11443723.52554
11428500.59469
11412193.07671
11387315.42403
11377612.80514
11353787.20866
11328279.89135
11332504.99901
11292218.66620
11286334.25562
11262125.19480
11250710.93679
11231103.70116
11221721.94978
11209125.38819
11194732.06295
11184440.40887
11156287.92177
11133890.67013
11103766.18263
11109369.56267
11038873.27128
11090631.51495
11020849.68129
