4553498.03911
4531681.45232
4503337.24675
4483358.15712
4468493.64896
4443096.75791
4424112.99034
4406973.13194
4381548.34280
4367449.47085
4353006.80458
4337492.91236
4320033.62303
4296199.00059
4282103.28478
4258326.33876
4245725.51196
4228797.29511
4213505.95707
4194114.41272
4180144.00349
4155899.64247
4142593.21834
4138746.35923
4113094.12598
4101734.63482
4081265.37751
4064633.83036
4051598.94654
4036534.35940
4018780.58870
4003744.61909
3983893.72494
3971632.93147
3972905.74424
3944292.30328
3942984.55504
3906450.19530
3908240.52810
3897558.25479
3885725.75589
3868599.13906
3846323.45775
3830940.25644
3828463.81430
3827999.07768
3806922.25205
3779082.83472
3785768.92412
