13747160.18314
13725632.31758
13705328.61576
13684726.11502
13658343.93193
13640242.14452
13613458.32790
13598451.86466
13579745.33956
13561310.30027
13536058.95268
13511346.53799
13502360.95309
13464174.35313
13478255.19675
13448057.73919
13416135.11377
13393778.48512
13387998.11792
13356556.29144
13322339.64458
13316318.43798
13267792.07018
13281200.85317
13264080.10431
13257678.33516
13205774.80562
13216243.81366
13164432.81174
13159003.04117
13140695.91810
13133315.79873
13106266.85156
13077768.19515
13062700.86641
13038349.79324
13049083.71623
13018641.15494
12995671.43109
12994484.74771
12965913.04470
12920601.53140
12960384.14633
12909084.92253
12897547.41390
12885026.50200
12878069.42538
12867547.13177
12823662.74534
