14346963.71317
14325301.00243
14304783.45989
14284783.68318
14263825.91917
14242435.68387
14208567.94572
14191476.89098
14185804.59304
14162300.86952
14162028.94391
14122393.39202
14084154.31662
14075678.44859
14059831.91246
14033036.83010
14003173.59631
13995215.09780
13976861.78661
13961194.30574
13924024.27349
13909609.18043
13886800.58946
13865062.30968
13852050.18869
13847625.21572
13817415.50690
13790853.30710
13796714.59881
13763260.89019
13757722.65663
13727251.57129
13734545.03912
13675826.91580
13681019.97367
13669933.63754
13624567.45999
13624926.11785
13574345.30960
13566302.11304
13549871.36986
13525476.74847
13543266.97782
13483951.01400
13471763.61309
13493944.67469
13442561.90769
13428216.00503
13413945.21293
