392343.71653
373037.29843
356045.66321
339492.14190
324536.79951
310315.65612
300309.99220
287085.34513
275374.77921
265300.00767
254493.78015
248395.23773
242360.52733
234956.58626
231905.44181
224338.02278
221668.60227
219067.61328
214519.87831
209882.68826
205232.56996
202940.88258
201340.79396
198350.86560
197498.05088
195628.71148
195773.65832
192414.38870
190028.93973
190921.03257
189404.62043
185278.87217
183785.70103
183307.41269
182082.08820
180481.11940
179418.41959
176674.50956
178048.30353
175482.36610
175610.30830
172334.21805
172764.04526
170688.25728
170162.41198
168895.05820
168821.83916
166049.92478
165520.54971
