945604.53709
921999.58630
903723.30360
884588.56040
868142.25764
852138.38090
833956.80787
817896.11281
805954.60814
790769.37280
775806.68859
762268.58030
748566.27929
737661.04589
732971.22808
722831.57941
706122.92792
699966.47841
688457.90626
680113.14897
661019.94628
664200.38062
654514.55105
648980.26077
634319.92677
624766.19606
630589.61081
624192.96867
605616.25922
612790.39109
595666.34996
600286.13266
590703.25425
583030.96727
589960.90173
568916.21366
575546.68614
570520.67976
574386.88661
561536.76508
558740.24467
562460.18174
551256.26720
550955.14311
555372.87840
549127.90166
539982.01425
543813.61772
542840.64955
