274219.22920
254765.63827
238406.75618
221432.87746
208056.87813
196811.63676
185616.95815
175782.40711
166244.19017
160403.59645
150074.68046
148360.64603
142481.02146
140517.17855
135508.24701
135183.72080
132490.80444
128342.34061
129613.10966
125527.85771
124043.50834
120074.02619
120988.02570
117395.53140
115665.91333
116206.98660
113642.06963
113537.29050
112057.10257
109565.20712
108186.09287
107844.09834
105188.91948
104466.29362
102857.23148
100757.65086
101863.29280
98954.58563
99365.77169
98493.24519
97149.38045
97106.92548
94809.01088
94280.85421
93660.80308
92669.29123
91545.15588
91097.37362
90718.54605
