905693.19714
882325.06618
862801.12476
844518.71629
829565.58487
811679.80825
794246.20284
780510.11780
766745.95287
753839.55061
740136.46134
725595.53297
718597.47137
704816.42172
690436.11970
682373.67070
667255.60112
658904.17231
656641.33679
646585.54338
634863.09503
624393.66226
619656.64129
614909.48646
603265.77602
600441.02790
592062.58305
580934.70025
571729.60234
571373.47916
567579.56061
562710.06924
566758.14627
549973.70910
552225.98001
553228.75435
547773.30422
536152.27564
535267.75971
539159.53063
532827.33913
539413.37175
526363.47167
530713.85224
519665.31641
519324.28749
517817.63642
515499.41883
515502.52961
