411371.07321
392614.34245
373671.62755
358012.40634
344262.89307
329920.33925
315731.51180
306974.54203
297638.82575
284243.86108
274571.65438
267359.67796
261392.34473
254382.12187
246485.17523
243363.10286
238725.04121
235553.51328
231671.00908
222650.56694
221041.29880
222116.32415
216705.23780
215523.92752
211395.22132
207874.22168
208409.22364
206947.90083
204539.92633
201182.43422
201506.80108
199469.74449
197107.69840
198537.38111
195115.41219
194309.81783
192445.76380
190541.87290
191088.69097
189444.68419
187571.36445
186417.99395
185408.85393
185217.84501
183707.89944
181431.36666
180276.17317
179805.29842
179637.97356
