353749.09113
333998.76258
316435.20668
302703.93100
287358.37869
272754.10061
259982.19884
250983.82680
240320.74381
229224.11533
221782.51318
215259.63532
204179.13712
198975.58441
196265.58535
190725.64019
191693.31774
189774.08881
183508.85350
180045.82262
176234.42937
176986.08438
172842.34097
172492.02381
170662.70530
169134.00422
168714.58647
165512.92769
164567.22193
163607.82036
160745.93341
160664.55773
158785.17365
157268.70526
156306.23632
155054.45330
152975.35911
152092.90647
149546.07510
150864.52934
151488.08079
147554.91750
146744.39869
146971.20512
143781.15326
142653.42575
142880.91020
141398.05531
140610.78703
