118277.34841
100263.27121
85889.50707
75439.74799
66698.88144
59153.06303
55760.14801
52936.64775
47177.26760
44682.64218
41980.44463
38927.30242
36204.59534
34869.24281
33379.62873
30627.87936
29635.15549
28209.23928
26247.96947
25199.87332
23925.92786
23125.28558
21700.89157
21044.40680
19521.32343
18423.40852
18106.91461
16838.18550
16389.80986
15805.14675
15024.47689
14350.70484
13601.47974
13234.90498
12711.13475
12248.97169
11447.69584
11114.62545
10800.19443
9815.88369
9631.89750
9285.67183
9089.55754
8657.24457
8265.55140
7929.73113
7660.39401
7381.61518
7199.10745
