845832.65208
822464.48602
805257.14715
789840.68525
770878.60341
756053.79154
734624.50529
723773.27952
709825.39368
693389.97501
678739.67465
669368.06610
657654.63458
646581.55832
634714.07390
623761.23206
608817.22092
607463.51370
595363.47107
586880.40299
580555.40509
567498.41057
563766.09027
561275.92634
550754.60830
540165.09117
531696.59012
538867.60525
527736.81878
522530.41028
520510.44163
518483.04425
510270.70654
510257.94129
507081.86306
505510.62237
502726.47847
496097.32715
497117.86627
491643.65480
486499.62447
488037.26103
478397.55200
476113.84658
477059.95037
471821.28793
474435.15165
471859.32780
467894.02033
