449042.11324
429395.38081
411317.06393
396103.93218
380648.12380
365077.01695
354200.16992
343665.74070
330628.38214
318097.10813
311020.89399
306813.63789
293743.68685
283032.35696
280420.07931
271470.19258
267829.39943
261489.17096
259638.89835
256227.46269
252692.47603
247470.98732
245100.27616
242459.60145
243022.82223
237194.12666
235496.35936
235429.75303
233237.39049
229827.01052
229200.14031
226856.05560
223282.80008
221974.77025
223361.25540
220899.99683
218281.01724
217474.41716
215924.06019
216036.60263
214596.17557
211826.62216
207856.62349
210321.31598
209690.76323
207268.04217
206945.03324
205494.21886
203023.55708
