666183.87451
644970.44636
627744.78616
608377.27351
591859.29461
576330.79347
560989.37310
549821.68974
533374.76764
524227.36602
508700.25201
497268.96135
483068.12821
472979.59105
465483.81973
459600.64622
450442.60289
444335.86463
431746.15677
429285.73334
422516.06585
420750.64463
409257.07986
410112.65426
399247.04102
395103.60063
395763.89053
393584.96784
384119.12375
387186.35271
379807.43394
380058.28202
372282.95910
371958.27030
367855.17481
365473.70892
366627.98109
361656.95667
361227.08550
359516.40685
356816.77898
354826.81137
350147.12699
349464.03005
350517.40567
345812.53558
346347.67197
344608.97440
343696.38134
