706071.00639
683626.38677
664544.18648
647400.78569
632444.73029
615830.38791
602592.60720
586217.56923
574906.99735
560188.75236
549009.41575
538665.34853
521647.65329
515827.34927
506925.44685
499773.48409
485115.27488
473897.28093
474680.44909
464599.40175
457393.50338
453283.35134
446994.91112
438384.48394
433346.73435
432473.19743
426181.99053
425547.24460
418524.66159
415592.06482
411542.06516
409869.79125
405011.74590
404613.21504
400722.88784
394989.04876
397486.17573
396187.11257
384211.99952
389121.92070
387411.62565
389555.87097
379123.05363
380616.08836
380945.39621
373390.86893
372718.29238
371766.29917
371808.72981
