234252.21675
214819.00927
198810.62519
184272.76115
172400.44802
159353.18563
149334.69017
139173.89233
131319.26414
127338.72945
121134.53938
117828.00844
118215.52487
114130.89048
111243.42070
110152.79058
106716.01593
103845.95270
102978.32794
101085.21709
98051.94130
95762.15288
94828.58555
93203.44649
91565.22610
90384.85508
89850.31475
86845.68652
86452.45099
85189.17579
84089.66640
81811.99804
81327.14533
80242.71002
79460.27685
77450.50590
77564.45527
77271.91360
74881.43522
75379.48508
72273.65175
73274.48388
71421.63588
71086.73262
70706.57547
69107.49160
68681.14304
68282.11104
67219.08787
