372381.61476
353137.84278
335740.37356
321704.38068
305510.91480
292066.45838
280637.86557
268340.07125
260169.87473
249012.72134
240912.28028
232625.19549
222377.98959
218866.36440
215537.47118
210521.46181
206920.48723
204654.64578
197618.15986
195612.17363
193226.76688
191266.98982
189722.22240
188355.76931
183476.30803
183269.69440
181708.11943
180112.32646
180352.83989
175963.74804
175375.26621
172341.78497
171277.00184
170838.07883
169063.68221
167236.22260
166308.86441
165376.99689
164359.85625
163328.21238
161610.82547
160359.07365
159251.67051
157544.90542
156913.87588
155797.62913
155593.62128
154363.33182
153809.86936
