334172.98746
314572.01098
298845.67386
283782.82744
266551.04241
255389.64075
241221.61887
230677.76473
222033.78154
212245.10106
204445.87863
201270.71879
189426.44748
186856.97065
178738.74617
178493.76173
174347.81355
170624.04266
170057.17220
165122.02478
163802.17236
163115.78633
160883.03798
158642.56226
158619.35061
154943.85642
152965.81655
151882.09366
151089.80872
149033.22053
148125.75842
146077.24016
145440.27788
143183.12949
143363.39939
140813.47291
141193.13563
138018.05157
138210.24575
136301.69299
136042.07480
134449.60422
133374.34858
132835.23071
132737.58151
130413.96847
130390.58732
128713.08810
128904.15971
