648243.29828
627138.69085
607429.14857
590556.75845
575292.68042
559080.99413
543431.44107
528389.80799
514335.03087
503547.76337
491610.37102
477930.47764
471204.04891
458602.14901
450408.26053
442051.75241
436053.67583
426266.30775
417654.86920
414551.80775
409750.34121
402987.13459
400443.18462
392238.51950
388428.48662
388371.67260
384670.83256
375541.26311
375464.88376
369085.05696
368474.85233
368651.99346
360792.70492
359105.29753
358271.16881
354129.24739
350007.56408
352524.57401
347641.07035
349305.18833
346440.16587
343960.29937
340186.53928
337099.09933
339039.88223
333506.67404
335220.25121
332105.73235
330173.56589
