686122.12643
662755.86238
647446.73906
627247.87803
610991.66684
596249.70845
582977.04294
567184.23015
551361.86801
542392.38082
521247.16346
514101.84211
502125.94500
498381.34845
483020.03948
477611.93983
466841.52444
458929.26488
454474.94813
447870.42454
442617.74862
431739.72958
432590.08774
423354.47123
414850.18402
414730.19818
410941.79333
406095.26231
399435.63645
396371.46097
395836.45377
393405.23913
392346.80912
387354.68920
386942.71819
383474.02571
380320.40441
378034.41308
377172.15314
373238.58223
369486.76154
370984.92891
371194.56100
363750.12233
364713.16355
363442.70852
360736.57761
360206.78774
356374.02686
