568496.67629
548047.83821
529370.35408
513606.23587
498116.31140
481932.29771
468728.59046
454880.55384
442621.21657
432793.32330
418670.91540
409554.91084
400133.21844
394401.03809
384720.54728
379111.90166
369611.22362
369293.94445
356753.51128
354396.56120
346555.14216
342189.60844
340214.68763
334471.94041
334172.10785
327261.69943
323463.94597
319603.00655
321262.45915
315729.22862
316514.36238
307755.83611
307307.80025
305060.40582
305954.17836
304139.14662
298016.24080
297704.58134
294528.99230
292546.22243
295385.41182
290966.61216
292192.82775
288355.00848
285194.59739
286431.53989
285561.38091
282464.16868
281178.08556
