746011.52523
722644.69058
703158.69740
686822.45755
669201.73358
655430.77872
638043.90987
623548.80786
609540.61351
596496.88513
587264.48507
574502.91974
562947.24417
546818.99490
541285.16280
532329.34131
526093.59317
520169.20009
510518.30623
496650.61322
492451.58770
487220.83917
485969.59524
472090.79426
474192.51940
465854.93649
459725.50941
453495.99523
454909.45168
445824.54897
445635.40858
442587.25460
439469.84390
434423.89638
432267.46941
425052.91393
427135.24948
418130.96030
420401.09896
417346.63103
418123.55032
414411.23003
410275.75211
409622.77096
410299.43265
406375.06469
401759.54179
401385.22362
399816.69702
