528754.34667
508664.38465
492263.86530
473714.70500
459787.04216
442196.17263
431585.22720
416031.21120
403851.81309
393787.42604
385365.18014
373400.24537
365871.92633
355976.44815
347215.35047
341395.86049
332869.05939
328568.98689
323197.01072
318091.93950
315683.23753
313124.91594
302778.82617
303899.59966
299470.87278
294853.44463
293065.84074
288124.56369
289244.44576
286239.20837
279644.98250
280016.27804
276545.68241
274883.61513
274974.40363
273692.80067
269768.10133
268094.36108
268375.51771
265545.67742
266328.56763
261688.09985
261276.83994
260556.22528
256832.45278
258088.72461
256508.99215
255699.38205
255878.10986
