177717.06253
158171.10317
142716.27826
127588.02138
115443.33533
105695.97344
97549.01055
91583.56503
89460.15911
83938.02293
80461.53692
78527.86199
76246.40305
73021.47623
70683.15085
68648.50190
66188.09055
65333.77644
63542.76778
61805.35383
60160.38874
57849.04660
56206.21626
55422.61369
53967.40436
52618.69218
51398.40770
50233.61749
49704.71349
48073.46801
47704.59038
46445.17311
44527.29741
44152.83893
43018.83309
42004.26699
41887.90250
41399.17389
40319.13487
40134.38363
38756.96335
38301.82793
37787.83921
37641.65011
36737.93961
35868.87574
35101.61287
34595.21525
34270.86959
