137245.98259
120290.94549
103793.17733
91575.97842
80868.46098
74306.63163
67589.59181
63845.59448
60703.49934
57960.81399
55365.85113
51584.56135
49651.38257
46385.44858
45988.96984
42861.08330
41446.26275
39828.39803
38517.67153
37332.08593
34979.47806
34876.61232
32927.73247
31505.84582
30592.35768
30312.17224
28357.32850
27645.07752
26447.13249
26505.46687
25499.84508
25021.79299
23988.74818
22796.95491
22568.40750
22086.89720
21122.26517
20438.51650
20400.08042
19668.51012
18871.86486
18186.03706
17929.14743
17333.17864
16677.32217
16511.77562
16317.53838
15495.64386
15221.02857
