254237.74515
235670.18953
220240.74589
205628.75741
190444.44119
180633.50672
168405.93869
156224.76559
148544.54779
140824.64219
138154.93456
132672.98868
128720.93062
125571.14162
123934.12157
120975.89801
119711.84150
116314.92741
115523.82213
113218.55592
111086.52097
108650.14076
108167.07534
105892.62959
105367.54901
103104.19063
101593.13481
99490.53262
97884.24746
97642.51661
96107.23026
94255.82925
92831.71887
92886.03563
91965.52153
90465.72386
89719.06160
88879.65334
87341.02927
86779.73572
84632.65363
84733.39538
82846.88021
83827.08410
81792.09639
81901.94633
80431.78114
78899.92247
78476.27769
