628290.90980
606867.91383
590052.39319
571229.54593
556575.14252
542031.82939
526179.03396
513819.72836
498889.90979
486466.32100
472339.54511
464003.15334
452859.50409
447035.37879
431680.31073
423039.69917
423617.67743
417028.41230
405739.09966
397361.29715
391602.28601
381741.70176
377287.47579
380305.91107
369941.59471
369285.59314
365857.29361
360997.57392
360941.20662
358975.75691
351737.66887
353148.75648
345891.49984
349053.38970
343335.88942
341138.32328
339592.69438
336037.00102
337902.53218
336878.97688
332245.80260
331470.35871
329385.23628
325717.52277
324949.28368
322336.45174
321901.60898
317551.43314
316921.85654
