865788.00109
842601.80987
823684.30810
808148.29755
789179.12128
774828.26248
757137.88529
741588.88919
725593.28594
714275.93125
706350.00025
689790.99816
676618.82509
665503.61297
651960.43284
646319.41130
636294.04855
618230.31313
613679.88931
608099.19930
591788.36783
579090.24457
583464.08918
570131.69280
570776.62106
567048.66320
559583.39823
551720.15982
543653.79031
536667.14650
535049.81417
528681.20316
523947.61432
522345.68023
520378.86175
514007.66895
512692.74512
508530.26190
507675.30392
498520.42302
499222.50184
495079.89099
496709.31218
500292.23047
486361.90969
484844.80758
487288.79496
480533.72253
483110.83301
