429624.47594
409916.48632
392816.45297
377302.16407
361901.40872
346967.53206
336876.60029
321169.54828
314100.04172
303708.11601
292990.91121
281551.07352
275409.35890
266554.77768
259522.63978
260545.54796
250238.68362
245267.02144
245100.49329
239261.18999
236904.24265
234716.31268
231532.63621
231261.90728
222392.21790
223518.25220
223849.89852
218521.62806
217446.75510
214270.88393
212705.83281
212709.73331
209990.98189
208723.40095
207650.58089
208351.97898
205621.01573
203799.60499
203977.81882
201376.74146
200323.19197
197916.72128
195752.42982
196359.79047
195377.97012
195598.52353
192211.85973
192234.05612
190597.65444
