97835.19805
80303.68283
66593.85765
57981.15473
49091.15884
44840.43496
39988.89847
36634.79717
31972.72460
29299.71431
26632.42389
25467.02527
23076.56961
21048.67746
19433.42180
18509.17139
17338.30323
15714.51038
14548.30549
13494.59366
12499.13247
11433.17313
10564.56878
9657.77120
9043.08023
8177.27725
7464.30311
7019.79935
6515.49200
6182.10897
5685.01736
5345.81828
4936.86746
4575.99142
4296.66489
3902.31415
3665.67832
3305.43593
2941.49401
2724.33959
2447.16047
2273.27936
2049.98297
1792.00711
1723.29218
1513.43409
1355.48308
1211.29288
1052.78362
