216096.96824
196906.22889
181647.14844
166071.82174
152390.66587
141622.24916
131268.57446
125156.79915
119025.22505
111853.35943
110103.06955
105214.80870
104906.84917
101374.34656
99109.04439
96277.75534
95724.20381
92045.13181
89679.45052
88091.93550
85930.71576
84506.33022
82699.24598
80988.12997
80854.36255
79327.71087
78218.60844
75960.34404
74061.86094
74071.00402
72579.92454
70573.42153
70258.30033
68300.73845
67529.15948
66477.32691
66308.84716
64680.39160
63823.54416
63589.97170
62729.00989
61801.34911
61037.87278
59673.53011
58906.92945
57947.73825
57659.90389
57442.11620
56454.16186
