766008.94936
743860.98458
725321.64965
706939.85905
691161.88947
672346.22043
658116.75605
646856.14436
628523.15610
619974.49437
606246.36004
595367.83479
578627.32805
569256.71706
559943.12916
552021.90655
541195.19624
536045.59821
524478.30116
519587.39106
507222.14120
505084.97463
495573.67316
496406.40342
483013.44835
478607.28054
476826.31281
463099.02204
465626.02242
468270.67924
466209.42030
454916.18079
453384.86013
446478.86104
447543.10503
441853.89763
438229.42627
436435.52568
439667.12856
432037.82515
433478.63065
429661.57969
429052.11308
422978.62765
418670.49540
419838.65335
421129.61038
418919.02766
416210.24088
