588421.81429
566993.87643
550482.96667
533837.11842
516322.30106
503334.06031
484617.63675
472561.15534
461220.95312
449585.73180
441743.32220
426948.81712
418408.43927
408177.41258
401378.29371
393044.60587
387760.86712
374880.90908
375549.43691
363625.61636
362929.18312
357104.59120
354344.12523
345216.96362
346403.27816
344776.69604
340686.10684
337070.14695
330182.03241
329239.35141
326039.10940
325342.91988
324899.81717
320562.09707
320305.71185
315875.33668
313466.86428
310130.83576
312284.96340
309530.95840
305472.37180
306938.89694
303953.37978
301959.53695
299721.86192
300456.29373
298510.99854
294883.61972
294126.43640
