196240.19502
176436.30918
160193.06461
147345.34262
133364.48833
122773.17903
115044.28830
107733.18948
102317.64402
98866.17688
96487.89548
92574.52254
90622.98568
87127.90518
85571.73600
83259.82278
81575.46150
78466.81641
77056.14056
75511.67428
73429.76177
71432.65768
69857.49875
69357.19706
66883.30347
65919.58355
65383.81656
63601.66317
62806.28279
60920.69566
59757.96353
59723.76743
57632.06172
57024.00553
56631.80281
55811.34535
54828.33996
54184.72684
52755.10338
51834.78454
50573.04026
50215.94436
49339.87087
48964.44167
47869.27137
47459.32621
47149.80001
45720.52433
46109.67348
