508884.49159
489025.43046
471212.38513
454598.46594
438292.12349
422450.04962
410096.00088
396634.28332
385635.82969
371861.66983
364131.68886
357624.01725
343977.00708
337414.16143
324987.37048
321270.25713
316449.19424
312473.26041
304946.12882
300068.67903
292857.69816
288499.76571
285206.07719
283965.75876
281133.58979
280639.22963
279150.00455
275198.37365
272240.12110
270343.58605
267747.37509
263763.24791
263910.48401
262683.83840
257392.35565
258189.54007
255533.44721
256497.10977
253387.29400
251869.26334
251564.71129
247675.33467
246264.93175
247356.73529
244256.76705
244615.66775
242311.18491
239912.24217
240505.92698
