157927.51685
139847.08677
123277.82464
111273.94781
99719.62675
89777.22882
83619.11027
77475.19795
75434.43969
71092.71179
68074.79025
65252.41777
63132.40163
62304.00492
58257.01791
56513.59682
54120.12165
53796.07234
50573.49418
49809.72008
47279.49787
46308.76984
44424.33561
43558.31272
42258.45498
41107.47211
39458.06777
38905.00475
37676.64795
36746.97879
35373.89866
34890.88627
34052.27125
33502.21693
32820.54758
31760.99109
31445.78707
30708.91629
30088.92647
29267.03279
29149.47795
28225.65031
27413.15825
26687.94032
26596.22310
26057.51027
25069.92573
24407.66183
24386.60746
