314184.44562
295418.64621
278134.26348
262537.61463
247487.68649
233400.01054
223638.06031
211412.06505
202882.59432
192285.81421
184164.78386
181383.63533
176511.66443
171611.05894
166096.83442
162716.65810
157665.79088
158844.99623
154853.69738
152794.74392
149798.44803
149148.73551
147905.92073
145289.21666
144074.02703
142358.41641
140711.31171
139350.61794
138945.08236
135723.90574
134525.82337
134728.07426
131447.18511
130303.96675
129557.27465
128593.91146
126936.26353
124886.19842
125802.08417
124728.72465
123267.62532
122614.60227
121368.65286
120121.55302
117561.31578
118782.79121
117036.25855
116901.26867
115172.67007
