925656.72484
904001.18493
885816.28120
866411.02926
849494.35971
829737.45201
818874.34323
802519.75920
785812.38520
773860.33271
761937.87255
743700.29449
727763.86095
719446.85373
706918.15641
699018.28883
685639.75808
679308.82215
668382.87867
663286.27696
655629.79076
646256.26249
635580.64558
623953.17050
612374.63069
612430.05300
609644.80236
598500.85288
598033.17573
599609.68624
581446.11295
584755.51867
581883.35659
573188.40773
566682.44389
563682.97933
562412.85379
553318.99658
557385.23318
547613.81017
542432.35735
542472.45710
540762.86916
539211.47927
534646.63670
536076.51931
531291.93611
532931.72145
526355.84300
