608370.77537
587964.83442
568678.14043
553427.35964
534616.04512
521226.71972
507492.30434
491044.30816
478125.98197
465402.54051
457037.64110
442590.78245
434449.66938
426211.21322
415876.79756
409798.37372
406197.58693
395622.46143
385986.56265
384467.23879
375463.55120
370658.86995
369627.68006
363503.10662
361348.74546
356091.47645
352680.97214
348459.71582
349598.39926
338998.56214
337979.29572
335634.10092
335667.45720
331187.68821
329505.83838
328091.50268
329942.96798
323724.09450
318514.30945
316292.26874
318206.08691
315414.71017
313604.82402
314951.01906
311079.99161
311323.05273
308931.66379
306418.88898
306403.07512
