805931.35170
782772.77253
763636.45107
745282.39664
729768.86325
712169.35885
698023.92190
684330.26591
669377.98491
658267.87101
641532.72928
628022.16859
618441.86884
611489.13756
601114.72601
593946.36591
575375.79490
572803.34765
558291.57263
555749.34255
546419.36478
536870.04573
532058.61203
521989.21775
516362.04811
507348.46396
508395.18275
501850.52655
494443.18578
497061.58204
487236.52498
488355.72723
480321.58321
480365.36947
468224.13172
474063.27488
468446.55050
470434.13747
466932.85720
459625.49348
458998.26735
453501.29429
455772.37959
451924.95022
453323.50781
447080.16727
444287.55256
445537.37521
440853.76261
