785972.45573
762594.50811
743799.74409
724630.42962
711217.42257
695277.74866
677745.66257
664278.93551
652230.07225
637025.85827
625362.57332
612921.21384
601622.72747
590620.59268
580560.32702
570476.40586
561966.50380
549291.30752
538901.04017
528227.98624
531206.40135
521991.73044
509093.14557
516131.78549
504921.50123
507940.92352
488142.02536
490490.83435
479772.43303
481129.09965
472390.97085
474025.57373
464783.43623
472429.61252
457437.42860
454794.66001
453632.31155
454023.73640
449592.68988
444748.34401
444371.25041
441521.36684
442811.92817
438770.56722
438947.13946
432142.83641
430170.97718
431501.11253
426343.65291
