885694.35206
862715.56808
845210.20981
826628.18300
808657.47705
794027.14495
776458.89391
762491.47793
749816.18165
731730.85516
722965.59875
707854.57913
700382.23647
681139.06659
667976.51112
658330.14718
652927.03710
641745.39432
633030.02784
619939.76158
615421.63884
613653.48636
597724.44052
590041.34813
589111.79205
581342.85159
573728.95864
576436.07303
559881.86905
554928.02561
551764.90951
547390.82668
546618.77637
540819.12278
542487.58765
530786.01453
532592.00421
524753.26778
525012.04309
521873.21605
511983.03789
512857.67784
506844.61091
509341.27194
503189.74963
503603.06737
498653.09274
503428.60619
499054.43969
