726012.60655
703706.85488
683906.79316
666294.99711
649306.17067
634247.69782
621946.43461
606112.89456
594923.87506
577345.18056
569377.03004
556547.27020
544607.68906
538179.38517
526112.86163
514457.18860
511541.80148
501802.54442
489219.43305
482400.35679
472600.01944
469167.59441
458926.08711
458600.54140
453150.27539
448089.78317
440592.68723
435357.06581
434899.12755
428022.77730
427683.70024
428469.66699
422676.88425
418793.95692
416276.32468
412505.08572
409147.84446
406313.17405
403511.37885
404107.88618
399478.09656
398649.08331
398933.65547
393398.60636
390636.62879
390226.81446
393925.99454
386499.73182
387209.96382
