294212.21756
275089.78505
257775.43486
242736.73315
229304.46553
214538.41216
205180.70636
194133.70179
182681.12748
175771.43202
169381.82319
160948.86922
159878.28936
155177.87880
150287.00741
147546.96909
146173.62401
144610.09965
141553.11176
139198.06132
137051.13944
134667.81376
132657.80075
131504.09567
129162.61361
130054.12821
127702.47646
125777.30648
125265.66922
122722.80271
120925.56545
120623.12936
119587.58745
117375.67191
116813.51291
115961.79326
114854.27246
113976.55509
112688.46293
111457.17210
110090.01519
109178.36834
107556.40796
107137.09388
106564.24208
104883.16457
104656.30078
103705.89858
103517.12891
