825881.99358
802902.18380
784770.44625
766757.65173
747576.15101
732220.31843
717073.03751
700436.37191
688574.99658
674830.50920
660192.86327
646716.83915
639792.43463
630582.95897
616440.37093
605252.45672
599943.05296
590421.80772
574421.77233
568481.63818
566480.41160
553703.77074
553411.28007
547868.59038
532801.11820
532670.90923
520554.38549
521097.73859
512326.71097
514455.50112
501135.89697
496998.82780
503226.44593
494702.85864
493157.99179
485081.04328
478810.81291
485566.73225
475345.05271
479915.85586
474056.33802
473948.79183
468438.33116
465190.31982
461825.41726
464530.18152
460502.54788
458932.16840
459299.77131
