469007.41080
449206.04675
432016.51457
415077.90753
399992.72657
385042.29248
372718.77038
358439.12784
343785.26123
336786.83218
330091.01707
316845.16583
307217.64668
299394.95606
297474.08512
285365.72616
282114.45281
280978.74635
272162.56838
267427.30489
266562.09086
261464.99318
258734.02367
254687.77414
256934.86551
252807.51397
246991.16187
247658.63825
246839.06697
244745.39056
241435.93283
242765.44468
237236.07091
238359.79272
233953.35239
235944.60995
233038.69168
230114.32478
228960.18121
229052.18951
226237.21653
224531.52798
224030.52399
221109.96129
223004.77398
217992.21794
219260.58728
220138.30127
216496.51980
