488924.76091
469106.10803
451067.80268
433868.50653
419810.83761
404592.90227
390411.71220
380190.59329
367836.11855
356112.41574
344372.32379
338007.07171
328960.53802
321530.49447
311205.94335
306738.80951
302856.95723
295172.59174
293680.57870
287344.13111
277187.97422
283467.96012
277534.09058
270644.57196
267837.55843
264332.98353
260110.04069
261775.60881
259374.62005
255968.18498
252814.24515
252242.32433
250311.60931
247098.75133
248212.09934
245049.22575
243193.83870
242953.18584
240578.21909
239681.44735
237412.42982
236397.78966
233553.35574
234096.02919
232231.71969
230020.30521
230556.97831
227961.63031
227459.27504
