548529.28879
528489.98865
512668.37337
493050.00805
476723.92081
460565.50717
447744.58594
437219.71053
424133.54717
412218.71725
405101.34008
390818.80108
387612.98606
376877.09487
365620.01049
360210.07042
346792.65365
342878.89075
340982.49425
337003.88277
329126.55758
322713.55631
318686.89702
316506.20742
311149.42456
307349.09415
302389.69737
308372.19472
303307.88335
299884.73628
297468.30862
291849.94928
294613.47286
290700.08283
286705.62890
288280.18259
283826.01773
286166.35195
281682.16075
278457.77799
280646.98526
279821.05896
273288.22363
274216.26165
274704.10978
270957.15059
270210.14302
268140.88540
268567.46233
